936
647
1870
1588
996
286
1241
511
222
1906
1963
1435
719
1118
1431
555
1741
1223
1491
1716
769
572
1466
106
221
1524
1851
79
4
309
2028
46
1456
361
1997
1692
258
939
343
1330
844
1269
1926
236
519
1366
582
1653
1685
1868
793
1753
723
597
828
943
1878
1430
885
97
1667
1382
847
714
1566
620
1701
690
196
990
906
1167
1660
306
67
1191
1322
1496
1775
455
1648
617
613
602
734
1126
1290
401
1688
781
1261
1069
1402
625
1177
1472
491
277
1046
209
1501
1791
1883
1122
933
1046
1027
1370
348
76
1676
1680
690
994
1481
290
138
1630
1405
1993
1025
362
889
921
1777
431
1351
1869
1664
1323
1421
1555
43
595
1685
1010
237
1869
2002
1796
1366
1700
1356
1384
183
