528
1947
814
550
498
581
1874
1729
1976
694
1340
183
820
872
1545
1126
1340
964
552
829
746
1277
1939
1819
1751
847
1026
239
712
950
907
269
702
1536
252
502
1046
1814
1993
1914
1365
1018
1326
643
159
1959
1731
475
1319
1954
783
274
296
1182
823
1715
390
1784
20
1389
1424
822
1339
1930
437
1453
776
1526
287
1499
527
1720
2012
135
215
338
1645
1698
1355
1919
1741
1027
669
437
2022
1041
1074
1152
1026
1474
1498
908
413
1143
1513
2044
541
1060
3
1973
1452
979
1148
114
559
575
862
1035
744
1886
1360
1785
1051
144
107
1850
921
2006
655
1835
1909
1304
364
830
1992
1476
176
987
1654
1025
1675
177
41
1970
617
520
1445
1873
1310
1380
711
74
1302
405
103
1652
935
219
648
19
918
1648
1467
533
1585
1815
1245
65
1220
714
947
970
1928
445
304
1173
235
266
167
732
48
1134
66
1075
1723
662
1922
1288
637
1725
1192
1345
2
13
1084
340
1095
1178
1343
571
177
1352
1841
1506
1425
2009
1624
683
1065
329
1329
1537
913
362
1730
672
551
1596
1653
238
1800
1316
1656
1758
75
475
1452
222
1380
856
903
46
1946
586
1198
148
541
206
1239
63
142
1857
1676
1742
841
1791
1779
149
1634
100
212
392
2001
572
988
85
1118
1187
1864
808
974
809
1777
1644
564
1741
880
81
173
4
1185
1114
418
14
1426
1702
664
176
749
1671
834
1387
1379
362
1875
388
1125
1913
582
470
51
410
1645
534
1014
1990
512
1971
350
1463
495
1466
1859
1489
1693
112
710
916
142
1890
1325
1992
1823
512
160
264
940
231
1635
177
994
1103
1675
1009
196
88
482
928
1135
1913
1975
1692
621
1643
1
218
405
1945
1689
2002
125
1072
2010
2034
915
1522
1168
1478
993
1504
211
703
577
61
1651
294
1924
1806
78
1129
1792
614
1671
1615
1223
12
1905
491
1337
581
661
