286
996
222
511
1241
1963
1906
1435
1588
1431
1118
555
719
1223
1741
1870
572
769
106
1466
1716
1851
1524
79
221
4
1491
1456
361
46
2028
258
1692
939
1997
343
309
844
1330
1269
647
582
1366
1653
1685
519
1753
793
1868
828
597
723
236
885
1430
1878
97
943
1667
1926
1566
714
847
1701
620
196
690
990
906
1167
1382
67
306
1660
1775
1496
1322
1191
1648
455
617
936
1290
1126
1688
1069
1261
1402
781
625
401
1472
1177
491
734
209
1046
277
1791
1883
1501
602
1370
1027
348
1046
1676
76
1680
933
994
690
1481
138
290
1122
1993
1405
1630
889
362
921
1025
613
1869
1351
1323
1664
1421
431
43
1555
595
1777
1796
2002
1869
237
1010
1700
1366
1356
1685
183
1384
