1729
694
1976
1340
1874
820
872
183
581
1126
1545
1340
498
829
1277
746
552
1819
1939
964
847
1751
239
1026
712
950
550
702
1536
269
502
1046
252
1814
907
1914
1018
1365
1993
643
1326
1959
159
814
1954
783
1319
1182
296
274
475
20
1784
390
1389
1715
1424
823
822
1731
1453
776
1526
437
1499
527
287
1930
135
2012
1720
215
1339
1355
1698
1645
1919
338
1027
1741
669
437
1947
1026
1474
1152
413
908
1498
1143
1513
1074
541
3
1060
2044
1452
1973
979
1041
559
862
575
1035
114
1886
744
1360
1148
144
1051
1850
107
921
1785
1835
1909
655
2006
364
1304
830
2022
1025
1654
1675
987
177
176
1970
617
41
520
1476
1380
711
1310
1302
74
405
1873
103
935
1652
1445
19
648
1648
918
219
1467
1992
65
1245
1220
1815
947
714
970
1928
1585
1173
304
445
266
235
533
1134
48
732
66
662
1723
1075
1922
167
1192
1725
637
1288
13
2
1084
1345
340
528
1352
177
1506
1841
571
1065
1329
329
683
1624
2009
1425
1730
362
913
1537
551
672
1343
1316
1800
1656
238
75
1758
1653
1380
222
1452
856
475
46
903
1596
541
148
206
1198
63
1239
586
142
1857
1946
841
1742
1791
1676
149
1634
1779
1178
2001
392
988
572
1118
85
212
1864
808
1187
809
1777
974
1644
564
100
4
173
81
1185
880
418
1114
14
1426
1741
176
1671
749
834
664
1387
1702
1875
362
388
1379
1125
1095
410
534
1645
1014
51
1990
350
1971
512
1463
470
1859
1466
1489
495
112
1693
710
916
582
1325
1992
1890
160
512
1823
142
231
940
1635
177
264
1675
1103
196
1009
994
88
1913
1692
1975
1913
1135
1643
1
621
928
2002
1689
1945
125
405
218
2010
2034
915
1072
1522
482
211
1504
703
993
577
61
1478
294
1924
1651
1806
1168
1792
1129
1671
614
1615
78
12
1905
1223
1337
491
581
661
